0.0
0.0
1.0
1.7777777777777777
1.8181818181818181
2.0
1.6363636363636365
2.0
2.235294117647059
3.12
3.2857142857142856
3.3333333333333335
0.0
2.0
0.0
0.6666666666666666
1.0
0.5714285714285714
0.5
1.3333333333333333
2.1818181818181817
2.642857142857143
2.5714285714285716
3.0
2.6666666666666665
0.0
0.0
0.5714285714285714
0.5
1.6923076923076923
2.0
2.5217391304347827
2.8181818181818183
2.6956521739130435
3.142857142857143
3.125
3.5483870967741935
0.4
0.8571428571428571
0.8571428571428571
1.7777777777777777
2.0
2.5454545454545454
2.6666666666666665
1.8181818181818181
2.0
1.5
2.5
2.9473684210526314
0.0
1.2
0.6666666666666666
0.8888888888888888
1.8461538461538463
1.8461538461538463
1.7142857142857142
2.0
2.0
1.7142857142857142
2.0
1.8571428571428572
2.0
0.0
2.0
1.6666666666666667
2.4
2.0
2.4
2.5555555555555554
2.6666666666666665
3.111111111111111
3.037037037037037
3.090909090909091
3.272727272727273
0.0
0.0
0.0
2.769230769230769
2.6153846153846154
2.3076923076923075
1.8666666666666667
2.125
1.8823529411764706
2.5
2.814814814814815
2.9696969696969697
0.0
0.0
0.0
0.0
1.5555555555555556
1.875
2.4761904761904763
2.2857142857142856
2.5454545454545454
2.9166666666666665
2.5454545454545454
2.6666666666666665
2.888888888888889
0.0
0.0
0.0
1.3333333333333333
1.7647058823529411
2.857142857142857
2.210526315789474
2.761904761904762
2.3157894736842106
2.1176470588235294
2.608695652173913
3.12
3.0
0.0
0.0
0.0
0.6666666666666666
2.25
1.8
1.4545454545454546
2.3636363636363638
2.4
2.5714285714285716
2.7333333333333334
0.0
0.0
0.0
0.0
0.0
0.0
0.0
0.0
0.0
0.8
1.0
1.3333333333333333
1.6363636363636365
2.375
0.0
0.0
1.0
0.0
1.25
0.5714285714285714
1.4
1.4545454545454546
2.111111111111111
2.761904761904762
3.2857142857142856
3.5428571428571427
3.5294117647058822
